3,2
3,1
3,3
10,197
10,97
10,67
10,167
10,283
10,289
10,1
10,155
10,2
10,3
11,29
11,19
11,17
11,25
11,11
11,15
11,5
11,1
11,7
11,2
11,3
9,7
9,1
9,5
9,2
9,3
8,14
8,9
8,12
8,10
8,7
8,17
8,1
8,18
8,2
8,3
12,2
12,1
12,3
20,2
20,1
20,3
19,2
19,1
19,3
18,1
18,3
14,1
14,3
13,1
13,3
337,3
337,2
337,1
337,0
336,3
336,2
336,1
336,0
335,5
335,4
335,3
335,2
335,1
335,0
334,4
334,3
2,2
334,2
2,1
334,1
334,0
333,3
2,3
333,2
333,1
333,0
331,4
331,3
331,2
331,1
331,0
330,3
330,2
330,1
330,0
316,4
316,3
316,2
316,1
316,0
314,3
314,2
314,1
314,0
0,0
338,34
338,33
338,32
338,31
338,30
338,29
338,28
338,27
338,26
